1	43,14,15,45,48,40,33,8,42,35,11	1.5151013
10	35	0.5507235
11	50,22,9,17,16,43,31,26,28,4,32,44,42,21,10,24,49,47	1.0757694
12	47,1,28,29,39,27,40,37,32,48,35,5,30,21,38,44,23,41	0.91569144
13	45,24,4,38,11,19,10,36,31,49,35,3,17,21,44,25,9,23,47,42	1.4005891
14	19,9,49,23,25,6,28,22,27,36,33,44,29,43,47,3,11	0.9193002
15	4,23,20,43,11,33,16,14,5,41,48,1,26,25,39,12,36,32,47,34,2	1.5899619
16	4,49,15	0.4331578
17	26,4,40,5,15,7	1.3397541
18	1,46	0.88807714
19	27,31,15,11,24,7,47,50,23,40,5,13,8,3,29,26,2,10,36,6,21,1,18,28,32	0.6221834
2	9,11,14,20,29,23,47,33,15,12,45,13,43,49,32,8,41,36,28,34,4,50,17,25	0.7077812
20	2,35,16,9,27,29,28,11,5,37,12,1,4,32,50,19,13,45,7	1.162663
21	31,13,30,28,4,16,43,10,20,42,47,27,23,46,26,34,48,6,2,5,12,36	0.69392
22	29,24,43,36,3,7,50	0.9478574
23	35,26,30,25,37,20,7,2,14,31,48,1	0.7604673
24	47,35,17,41	0.5812449
25	6,42,21,28,14,13,3,4,19,22,1,18,23,2,43	0.69358563
26	17,41,2,27,14,20,45,11	1.151975
27	30,9,19,42,50,6,25,12,35,18	1.1255871
28	12,8,20,1,27,17,30,41,21,25,29,32,39,13,31	1.1154954
29	48,17,30,21,31,41,24,10,39,33,43,1,7	0.9795679
3	17,48,30,31,4,45,33,35,6,19,11,16,43,27,49,13,40	0.6216996
30	48	0.9307613
31	12,39,22	0.6490229
32	48,24,46,9,33,49,13,18,30,8,36	0.89446825
33	17,10,7,25,21,46,40,15,13,30,19,18,29,28,48,22,47,50,41,4,5	1.1238676
34	18,39,13,37,35,27,47	0.50132626
35	23,17,24,2,22,44,33,31,20,9,18,46	2.8599732
36	50,2,39,27,10,28,49,41,15,45,7,29,6,20,44,43,11,30	0.69924736
37	38,34,44,17,5,32,33	0.6339016
38	28,41,14,44	0.9971605
39	28,49,17,29,20,11,12,25,33,10,42,2,48,14,47,44,32,37	1.0830607
4	26,43	1.4105655
40	36,50,21,2,35,48,26,5,32,44,4,17,38,1,27,29,18,23,34	0.8333884
41	12,23,35,25,15,31,44,22,38,28,32,6,34,30,13,46,20,37,8,27,21,11,7	1.2627745
42	41,38,40,35,17,14,24,15,27,36,20,13,43,33,12,26,9,50,49,29,47,28,39,37	0.90365756
43	13,22,10,49,35,41,18,29,14,7,39,33,26,11	1.6144183
44	29,45,17,15,43,37,42,38,6,46,5,33,3,13,28,9,30	1.0509652
45	15,50,10,35,40,38,47,33,29,6,49,3,5,39,17,32,7,18,48	0.8086481
46	18,11,44,49,38,30,1,22,47,42	0.95723695
47	5,1,33,41,28,7,38,45,19,26,46,23,49,35,44,16,4,30,40,36,42	1.1914476
48	38,35,1,4,13	1.8910388
49	19,32,45,15,37,13,43,20,42,27	1.1535687
5	3,8,25,38,15,47,21,33,28,7,11,27,13,40,4,9,39	0.9431829
50	6,23,9,38,27,34,40,22,32,35,42,5,3,7,48,47,45,13,8,43,12	0.7228154
6	34,48,39,40,25,19,45,21,42,9,1,27,13,43,4,15,17,28,23,11,16,18,36,7,29	0.6733308
7	22,35,12,17,41,15,20,50,8,40,49,46,21,45,5,32,23,39,43,34,16,1,13,27,11	1.072641
8	15,20,35	0.5655269
9	4,1,8,15,6,7,31,48,40,41,43,29,11,5,14,35,13,38,3,16,42,33	0.7798525
