1	43,14,15,45,48,40,33,8,42,35,11	6.060402
10	35	2.2028942
11	50,22,9,17,16,43,31,26,28,4,32,44,42,21,10,24,49,47	4.303078
12	47,1,28,29,39,27,40,37,32,48,35,5,30,21,38,44,23,41	3.6627657
13	45,24,4,38,11,19,10,36,31,49,35,3,17,21,44,25,9,23,47,42	5.602355
14	19,9,49,23,25,6,28,22,27,36,33,44,29,43,47,3,11	3.6772006
15	4,23,20,43,11,33,16,14,5,41,48,1,26,25,39,12,36,32,47,34,2	6.359846
16	4,49,15	1.7326316
17	26,4,40,5,15,7	5.359015
18	1,46	3.5523076
19	27,31,15,11,24,7,47,50,23,40,5,13,8,3,29,26,2,10,36,6,21,1,18,28,32	2.4887342
2	9,11,14,20,29,23,47,33,15,12,45,13,43,49,32,8,41,36,28,34,4,50,17,25	2.8311248
20	2,35,16,9,27,29,28,11,5,37,12,1,4,32,50,19,13,45,7	4.6506515
21	31,13,30,28,4,16,43,10,20,42,47,27,23,46,26,34,48,6,2,5,12,36	2.77568
22	29,24,43,36,3,7,50	3.7914293
23	35,26,30,25,37,20,7,2,14,31,48,1	3.0418692
24	47,35,17,41	2.3249798
25	6,42,21,28,14,13,3,4,19,22,1,18,23,2,43	2.7743428
26	17,41,2,27,14,20,45,11	4.6079
27	30,9,19,42,50,6,25,12,35,18	4.502349
28	12,8,20,1,27,17,30,41,21,25,29,32,39,13,31	4.4619823
29	48,17,30,21,31,41,24,10,39,33,43,1,7	3.9182718
3	17,48,30,31,4,45,33,35,6,19,11,16,43,27,49,13,40	2.4867988
30	48	3.723045
31	12,39,22	2.5960913
32	48,24,46,9,33,49,13,18,30,8,36	3.5778735
33	17,10,7,25,21,46,40,15,13,30,19,18,29,28,48,22,47,50,41,4,5	4.49547
34	18,39,13,37,35,27,47	2.0053053
35	23,17,24,2,22,44,33,31,20,9,18,46	11.439888
36	50,2,39,27,10,28,49,41,15,45,7,29,6,20,44,43,11,30	2.7969897
37	38,34,44,17,5,32,33	2.5356069
38	28,41,14,44	3.9886427
39	28,49,17,29,20,11,12,25,33,10,42,2,48,14,47,44,32,37	4.332243
4	26,43	5.64226
40	36,50,21,2,35,48,26,5,32,44,4,17,38,1,27,29,18,23,34	3.3335536
41	12,23,35,25,15,31,44,22,38,28,32,6,34,30,13,46,20,37,8,27,21,11,7	5.051098
42	41,38,40,35,17,14,24,15,27,36,20,13,43,33,12,26,9,50,49,29,47,28,39,37	3.6146297
43	13,22,10,49,35,41,18,29,14,7,39,33,26,11	6.4576707
44	29,45,17,15,43,37,42,38,6,46,5,33,3,13,28,9,30	4.2038608
45	15,50,10,35,40,38,47,33,29,6,49,3,5,39,17,32,7,18,48	3.2345927
46	18,11,44,49,38,30,1,22,47,42	3.8289475
47	5,1,33,41,28,7,38,45,19,26,46,23,49,35,44,16,4,30,40,36,42	4.765789
48	38,35,1,4,13	7.564152
49	19,32,45,15,37,13,43,20,42,27	4.6142745
5	3,8,25,38,15,47,21,33,28,7,11,27,13,40,4,9,39	3.7727325
50	6,23,9,38,27,34,40,22,32,35,42,5,3,7,48,47,45,13,8,43,12	2.891262
6	34,48,39,40,25,19,45,21,42,9,1,27,13,43,4,15,17,28,23,11,16,18,36,7,29	2.6933236
7	22,35,12,17,41,15,20,50,8,40,49,46,21,45,5,32,23,39,43,34,16,1,13,27,11	4.290565
8	15,20,35	2.2621076
9	4,1,8,15,6,7,31,48,40,41,43,29,11,5,14,35,13,38,3,16,42,33	3.1194105
